122
0 48 14 16
16 0 16 16
16 79 16 14
48 0 16 16
154 48 14 16
80 0 16 16
32 79 16 14
112 0 16 16
126 48 14 16
144 0 16 16
240 78 16 14
176 0 16 16
98 48 14 16
208 0 16 16
224 78 16 14
240 0 16 16
64 91 8 10
224 64 16 14
0 79 16 14
240 64 16 14
128 64 16 15
80 16 16 16
96 16 16 16
112 16 16 16
128 16 16 16
112 64 16 15
14 48 14 16
28 48 14 16
96 64 16 15
208 16 16 16
224 16 16 16
0 0 16 16
0 32 16 16
80 64 16 15
140 48 14 16
182 48 14 16
16 93 16 5
236 48 5 16
0 93 16 5
231 48 5 16
80 91 8 8
32 32 16 16
176 16 16 16
160 16 16 16
10 98 12 4
32 93 10 5
205 79 16 11
233 32 14 16
16 16 16 16
189 79 16 11
168 48 14 16
224 0 16 16
56 48 14 16
70 48 14 16
84 48 14 16
192 0 16 16
241 48 14 15
128 0 16 16
96 0 16 16
64 0 16 16
32 0 16 16
157 79 16 12
48 64 16 15
173 79 16 12
64 64 16 15
141 79 16 12
125 79 16 12
109 79 16 12
240 16 16 16
160 0 16 16
0 16 16 16
112 32 16 16
80 32 16 16
16 32 16 16
192 16 16 16
144 16 16 16
64 16 16 16
48 16 16 16
32 16 16 16
176 64 16 15
192 64 16 15
218 32 15 16
173 32 15 16
208 64 16 15
144 64 16 15
42 48 14 16
112 48 14 16
0 64 16 15
16 64 16 15
143 32 15 16
158 32 15 16
160 64 16 15
32 64 16 15
196 48 14 16
210 48 14 16
237 92 16 7
247 32 7 16
88 91 16 7
224 48 7 16
221 92 16 7
168 91 16 7
152 91 16 7
136 91 16 7
120 91 16 7
104 91 16 7
128 32 15 16
203 32 15 16
188 32 15 16
22 98 12 4
0 98 10 5
48 91 8 10
213 90 8 10
205 90 8 10
197 90 8 10
189 90 8 10
72 91 8 10
56 91 8 10
48 32 16 16
96 32 16 16
64 32 16 16
48 79 32 12
80 79 29 12
