69
217 44 15 16
110 34 15 16
133 55 12 16
181 90 14 15
42 50 14 16
202 28 16 16
244 54 12 16
130 86 15 15
28 50 14 16
218 28 16 16
232 54 12 16
151 85 15 15
96 50 13 16
195 90 14 15
121 50 12 16
95 34 15 16
80 34 15 16
166 85 15 15
109 50 12 16
32 34 16 16
202 44 15 16
85 81 15 15
145 55 12 16
64 34 16 16
54 81 16 15
115 86 15 15
48 34 16 16
100 86 15 15
238 70 16 15
226 85 15 15
16 34 16 16
211 85 15 15
135 71 16 15
241 85 15 15
0 34 16 16
70 81 15 15
186 28 16 27
154 0 16 28
170 28 16 27
170 0 16 28
138 28 16 27
202 0 16 28
157 55 27 15
184 60 27 15
0 66 27 15
27 81 27 15
54 66 27 15
81 66 27 15
234 0 16 27
218 0 16 28
234 27 16 27
186 0 16 28
154 28 16 27
138 0 16 28
0 81 27 15
184 75 27 15
108 71 27 15
211 70 27 15
157 70 27 15
27 66 27 15
125 34 13 16
56 50 14 16
46 0 46 34
83 50 13 16
0 50 14 16
0 0 46 34
70 50 13 16
14 50 14 16
92 0 46 34
